Log file created at: 2024/06/26 03:44:41
Running on machine: 50d06c9af726
Running duration (h:mm:ss): 0:00:00
Log line format: [IWEF]yyyymmdd hh:mm:ss.uuuuuu threadid file:line] msg
I20240626 03:44:41.465838 94526 main.cpp:15] Start test...
I20240626 03:44:41.474787 94526 tensor.cpp:229] Channel: 0
I20240626 03:44:41.474815 94526 tensor.cpp:230] 
   1.0000   1.0000   1.0000   1.0000   1.0000
   1.0000   1.0000   1.0000   1.0000   1.0000
   1.0000   1.0000   1.0000   1.0000   1.0000
   1.0000   1.0000   1.0000   1.0000   1.0000
I20240626 03:44:41.486984 94526 tensor.cpp:229] Channel: 1
I20240626 03:44:41.487057 94526 tensor.cpp:230] 
   1.0000   1.0000   1.0000   1.0000   1.0000
   1.0000   1.0000   1.0000   1.0000   1.0000
   1.0000   1.0000   1.0000   1.0000   1.0000
   1.0000   1.0000   1.0000   1.0000   1.0000
I20240626 03:44:41.487087 94526 tensor.cpp:229] Channel: 2
I20240626 03:44:41.487095 94526 tensor.cpp:230] 
   1.0000   1.0000   1.0000   1.0000   1.0000
   1.0000   1.0000   1.0000   1.0000   1.0000
   1.0000   1.0000   1.0000   1.0000   1.0000
   1.0000   1.0000   1.0000   1.0000   1.0000
I20240626 03:44:41.487607 94526 tensor.cpp:229] Channel: 0
I20240626 03:44:41.487622 94526 tensor.cpp:230] 
        0        0        0        0        0        0        0
        0        0        0        0        0        0        0
        0        0        0        0        0        0        0
I20240626 03:44:41.487741 94526 tensor.cpp:229] Channel: 1
I20240626 03:44:41.487751 94526 tensor.cpp:230] 
        0        0        0        0        0        0        0
        0        0        0        0        0        0        0
        0        0        0        0        0        0        0
I20240626 03:44:41.487771 94526 tensor.cpp:229] Channel: 2
I20240626 03:44:41.487779 94526 tensor.cpp:230] 
        0        0        0        0        0        0        0
        0        0        0        0        0        0        0
        0        0        0        0        0        0        0
I20240626 03:44:41.487800 94526 tensor.cpp:229] Channel: 3
I20240626 03:44:41.487807 94526 tensor.cpp:230] 
        0   1.0000   1.0000   1.0000   1.0000        0        0
        0   1.0000   1.0000   1.0000   1.0000        0        0
        0   1.0000   1.0000   1.0000   1.0000        0        0
I20240626 03:44:41.487828 94526 tensor.cpp:229] Channel: 4
I20240626 03:44:41.487835 94526 tensor.cpp:230] 
        0   1.0000   1.0000   1.0000   1.0000        0        0
        0   1.0000   1.0000   1.0000   1.0000        0        0
        0   1.0000   1.0000   1.0000   1.0000        0        0
I20240626 03:44:41.487856 94526 tensor.cpp:229] Channel: 5
I20240626 03:44:41.487864 94526 tensor.cpp:230] 
        0   1.0000   1.0000   1.0000   1.0000        0        0
        0   1.0000   1.0000   1.0000   1.0000        0        0
        0   1.0000   1.0000   1.0000   1.0000        0        0
I20240626 03:44:41.487884 94526 tensor.cpp:229] Channel: 6
I20240626 03:44:41.487892 94526 tensor.cpp:230] 
            0   1.5601e+13          nan   1.5601e+13   1.5014e+13            0            0
            0   3.0611e-41   4.5916e-41   3.0611e-41   3.0611e-41            0            0
            0   1.5601e+13  -3.5649e+13            0            0            0            0
I20240626 03:44:41.489173 94526 tensor.cpp:229] Channel: 7
I20240626 03:44:41.489216 94526 tensor.cpp:230] 
            0   4.6243e-44   1.5251e+13          nan   4.6243e-44            0            0
            0            0   3.0611e-41   4.5916e-41            0            0            0
            0            0   1.5601e+13   1.5099e+13            0            0            0
I20240626 03:44:41.489295 94526 tensor.cpp:229] Channel: 8
I20240626 03:44:41.489305 94526 tensor.cpp:230] 
        0        0        0        0        0        0        0
        0        0        0        0        0        0        0
        0        0        0        0        0        0        0
I20240626 03:44:41.489327 94526 tensor.cpp:229] Channel: 9
I20240626 03:44:41.489336 94526 tensor.cpp:230] 
        0        0        0        0        0        0        0
        0        0        0        0        0        0        0
        0        0        0        0        0        0        0
I20240626 03:44:41.489357 94526 tensor.cpp:229] Channel: 10
I20240626 03:44:41.489431 94526 tensor.cpp:230] 
        0        0        0        0        0        0        0
        0        0        0        0        0        0        0
        0        0        0        0        0        0        0
I20240626 03:44:41.489457 94526 tensor.cpp:229] Channel: 11
I20240626 03:44:41.489465 94526 tensor.cpp:230] 
        0        0        0        0        0        0        0
        0        0        0        0        0        0        0
        0        0        0        0        0        0        0
