Log file created at: 2024/06/26 03:52:18
Running on machine: 50d06c9af726
Running duration (h:mm:ss): 0:00:00
Log line format: [IWEF]yyyymmdd hh:mm:ss.uuuuuu threadid file:line] msg
I20240626 03:52:18.591193 98215 main.cpp:15] Start test...
I20240626 03:52:18.601649 98215 tensor.cpp:229] Channel: 0
I20240626 03:52:18.601697 98215 tensor.cpp:230] 
   1.0000   1.0000   1.0000   1.0000   1.0000
   1.0000   1.0000   1.0000   1.0000   1.0000
   1.0000   1.0000   1.0000   1.0000   1.0000
   1.0000   1.0000   1.0000   1.0000   1.0000
I20240626 03:52:18.611469 98215 tensor.cpp:229] Channel: 1
I20240626 03:52:18.611546 98215 tensor.cpp:230] 
   1.0000   1.0000   1.0000   1.0000   1.0000
   1.0000   1.0000   1.0000   1.0000   1.0000
   1.0000   1.0000   1.0000   1.0000   1.0000
   1.0000   1.0000   1.0000   1.0000   1.0000
I20240626 03:52:18.611584 98215 tensor.cpp:229] Channel: 2
I20240626 03:52:18.611593 98215 tensor.cpp:230] 
   1.0000   1.0000   1.0000   1.0000   1.0000
   1.0000   1.0000   1.0000   1.0000   1.0000
   1.0000   1.0000   1.0000   1.0000   1.0000
   1.0000   1.0000   1.0000   1.0000   1.0000
I20240626 03:52:18.612067 98215 tensor.cpp:229] Channel: 0
I20240626 03:52:18.612088 98215 tensor.cpp:230] 
        0        0        0        0        0        0        0        0        0        0        0        0
        0        0        0   1.0000   1.0000   1.0000   1.0000   1.0000        0        0        0        0
        0        0        0   1.0000   1.0000   1.0000   1.0000   1.0000        0        0        0        0
        0        0        0   1.0000   1.0000   1.0000   1.0000   1.0000        0        0        0        0
        0        0        0   1.0000   1.0000   1.0000   1.0000   1.0000        0        0        0        0
        0        0        0        0        0        0        0        0        0        0        0        0
        0        0        0        0        0        0        0        0        0        0        0        0
I20240626 03:52:18.612249 98215 tensor.cpp:229] Channel: 1
I20240626 03:52:18.612258 98215 tensor.cpp:230] 
        0        0        0        0        0        0        0        0        0        0        0        0
        0        0        0   1.0000   1.0000   1.0000   1.0000   1.0000        0        0        0        0
        0        0        0   1.0000   1.0000   1.0000   1.0000   1.0000        0        0        0        0
        0        0        0   1.0000   1.0000   1.0000   1.0000   1.0000        0        0        0        0
        0        0        0   1.0000   1.0000   1.0000   1.0000   1.0000        0        0        0        0
        0        0        0        0        0        0        0        0        0        0        0        0
        0        0        0        0        0        0        0        0        0        0        0        0
I20240626 03:52:18.612319 98215 tensor.cpp:229] Channel: 2
I20240626 03:52:18.612330 98215 tensor.cpp:230] 
        0        0        0        0        0        0        0        0        0        0        0        0
        0        0        0   1.0000   1.0000   1.0000   1.0000   1.0000        0        0        0        0
        0        0        0   1.0000   1.0000   1.0000   1.0000   1.0000        0        0        0        0
        0        0        0   1.0000   1.0000   1.0000   1.0000   1.0000        0        0        0        0
        0        0        0   1.0000   1.0000   1.0000   1.0000   1.0000        0        0        0        0
        0        0        0        0        0        0        0        0        0        0        0        0
        0        0        0        0        0        0        0        0        0        0        0        0
