Log file created at: 2024/06/26 03:52:10
Running on machine: 50d06c9af726
Running duration (h:mm:ss): 0:00:00
Log line format: [IWEF]yyyymmdd hh:mm:ss.uuuuuu threadid file:line] msg
I20240626 03:52:10.877755 98147 main.cpp:15] Start test...
I20240626 03:52:10.893093 98147 tensor.cpp:229] Channel: 0
I20240626 03:52:10.893136 98147 tensor.cpp:230] 
   1.0000   1.0000   1.0000   1.0000   1.0000
   1.0000   1.0000   1.0000   1.0000   1.0000
   1.0000   1.0000   1.0000   1.0000   1.0000
   1.0000   1.0000   1.0000   1.0000   1.0000
I20240626 03:52:10.904707 98147 tensor.cpp:229] Channel: 1
I20240626 03:52:10.904757 98147 tensor.cpp:230] 
   1.0000   1.0000   1.0000   1.0000   1.0000
   1.0000   1.0000   1.0000   1.0000   1.0000
   1.0000   1.0000   1.0000   1.0000   1.0000
   1.0000   1.0000   1.0000   1.0000   1.0000
I20240626 03:52:10.904788 98147 tensor.cpp:229] Channel: 2
I20240626 03:52:10.904798 98147 tensor.cpp:230] 
   1.0000   1.0000   1.0000   1.0000   1.0000
   1.0000   1.0000   1.0000   1.0000   1.0000
   1.0000   1.0000   1.0000   1.0000   1.0000
   1.0000   1.0000   1.0000   1.0000   1.0000
I20240626 03:52:10.905763 98147 tensor.cpp:229] Channel: 0
I20240626 03:52:10.905803 98147 tensor.cpp:230] 
        0        0        0        0        0        0        0        0        0        0        0        0
        0        0        0   1.0000   1.0000   1.0000   1.0000   1.0000        0        0        0        0
        0        0        0   1.0000   1.0000   1.0000   1.0000   1.0000        0        0        0        0
        0        0        0   1.0000   1.0000   1.0000   1.0000   1.0000        0        0        0        0
        0        0        0   1.0000   1.0000   1.0000   1.0000   1.0000        0        0        0        0
        0        0        0        0        0        0        0        0        0        0        0        0
        0        0        0        0        0        0        0        0        0        0        0        0
I20240626 03:52:10.905977 98147 tensor.cpp:229] Channel: 1
I20240626 03:52:10.905987 98147 tensor.cpp:230] 
        0        0        0        0        0        0        0        0        0        0        0        0
        0        0        0   1.0000   1.0000   1.0000   1.0000   1.0000        0        0        0        0
        0        0        0   1.0000   1.0000   1.0000   1.0000   1.0000        0        0        0        0
        0        0        0   1.0000   1.0000   1.0000   1.0000   1.0000        0        0        0        0
        0        0        0   1.0000   1.0000   1.0000   1.0000   1.0000        0        0        0        0
        0        0        0        0        0        0        0        0        0        0        0        0
        0        0        0        0        0        0        0        0        0        0        0        0
I20240626 03:52:10.906044 98147 tensor.cpp:229] Channel: 2
I20240626 03:52:10.906051 98147 tensor.cpp:230] 
        0        0        0        0        0        0        0        0        0        0        0        0
        0        0        0   1.0000   1.0000   1.0000   1.0000   1.0000        0        0        0        0
        0        0        0   1.0000   1.0000   1.0000   1.0000   1.0000        0        0        0        0
        0        0        0   1.0000   1.0000   1.0000   1.0000   1.0000        0        0        0        0
        0        0        0   1.0000   1.0000   1.0000   1.0000   1.0000        0        0        0        0
        0        0        0        0        0        0        0        0        0        0        0        0
        0        0        0        0        0        0        0        0        0        0        0        0
