Log file created at: 2024/06/26 03:49:59
Running on machine: 50d06c9af726
Running duration (h:mm:ss): 0:00:00
Log line format: [IWEF]yyyymmdd hh:mm:ss.uuuuuu threadid file:line] msg
I20240626 03:49:59.153368 97028 main.cpp:15] Start test...
I20240626 03:49:59.160987 97028 tensor.cpp:229] Channel: 0
I20240626 03:49:59.161006 97028 tensor.cpp:230] 
   1.0000   1.0000   1.0000   1.0000   1.0000
   1.0000   1.0000   1.0000   1.0000   1.0000
   1.0000   1.0000   1.0000   1.0000   1.0000
   1.0000   1.0000   1.0000   1.0000   1.0000
I20240626 03:49:59.168668 97028 tensor.cpp:229] Channel: 1
I20240626 03:49:59.168695 97028 tensor.cpp:230] 
   1.0000   1.0000   1.0000   1.0000   1.0000
   1.0000   1.0000   1.0000   1.0000   1.0000
   1.0000   1.0000   1.0000   1.0000   1.0000
   1.0000   1.0000   1.0000   1.0000   1.0000
I20240626 03:49:59.168710 97028 tensor.cpp:229] Channel: 2
I20240626 03:49:59.168715 97028 tensor.cpp:230] 
   1.0000   1.0000   1.0000   1.0000   1.0000
   1.0000   1.0000   1.0000   1.0000   1.0000
   1.0000   1.0000   1.0000   1.0000   1.0000
   1.0000   1.0000   1.0000   1.0000   1.0000
I20240626 03:49:59.169006 97028 tensor.cpp:229] Channel: 0
I20240626 03:49:59.169014 97028 tensor.cpp:230] 
        0        0        0        0        0        0        0
        0        0        0        0   1.0000   1.0000   1.0000
        0        0        0        0        0        0        0
I20240626 03:49:59.169090 97028 tensor.cpp:229] Channel: 1
I20240626 03:49:59.169096 97028 tensor.cpp:230] 
        0        0        0        0        0        0        0
        0        0        0        0   1.0000   1.0000   1.0000
        0        0        0        0        0        0        0
I20240626 03:49:59.169106 97028 tensor.cpp:229] Channel: 2
I20240626 03:49:59.169109 97028 tensor.cpp:230] 
        0        0        0        0        0        0        0
        0        0        0        0   1.0000   1.0000   1.0000
        0        0        0        0        0        0        0
I20240626 03:49:59.169119 97028 tensor.cpp:229] Channel: 3
I20240626 03:49:59.169122 97028 tensor.cpp:230] 
        0        0        0        0        0        0        0
   1.0000   1.0000        0        0        0        0        0
        0        0        0        0        0        0        0
I20240626 03:49:59.169131 97028 tensor.cpp:229] Channel: 4
I20240626 03:49:59.169134 97028 tensor.cpp:230] 
        0        0        0        0        0        0        0
        0        0        0        0        0        0        0
        0        0        0        0        0        0        0
I20240626 03:49:59.169143 97028 tensor.cpp:229] Channel: 5
I20240626 03:49:59.169147 97028 tensor.cpp:230] 
        0        0        0        0        0        0        0
        0        0        0        0        0        0        0
        0        0        0        0        0        0        0
I20240626 03:49:59.169155 97028 tensor.cpp:229] Channel: 6
I20240626 03:49:59.169158 97028 tensor.cpp:230] 
        0        0        0        0        0        0        0
        0        0        0        0        0        0        0
        0        0        0        0        0        0        0
I20240626 03:49:59.169167 97028 tensor.cpp:229] Channel: 7
I20240626 03:49:59.169170 97028 tensor.cpp:230] 
        0        0        0        0        0        0        0
        0        0        0        0        0        0        0
        0        0        0        0        0        0        0
I20240626 03:49:59.169179 97028 tensor.cpp:229] Channel: 8
I20240626 03:49:59.169183 97028 tensor.cpp:230] 
        0        0        0        0        0        0        0
        0        0        0        0        0        0        0
        0        0        0        0        0        0        0
I20240626 03:49:59.169190 97028 tensor.cpp:229] Channel: 9
I20240626 03:49:59.169194 97028 tensor.cpp:230] 
        0        0        0        0        0        0        0
        0        0        0        0        0        0        0
        0        0        0        0        0        0        0
I20240626 03:49:59.169204 97028 tensor.cpp:229] Channel: 10
I20240626 03:49:59.169209 97028 tensor.cpp:230] 
        0        0        0        0        0        0        0
        0        0        0        0        0        0        0
        0        0        0        0        0        0        0
I20240626 03:49:59.169358 97028 tensor.cpp:229] Channel: 11
I20240626 03:49:59.169361 97028 tensor.cpp:230] 
        0        0        0        0        0        0        0
        0        0        0        0        0        0        0
        0        0        0        0        0        0        0
